  0.0000085  0.0000168  0.0000248  0.0000324  0.0000395  0.0000461  0.0000521  0.0000573  0.0000619  0.0000657  0.0000686  0.0000708  0.0000720  0.0000724  0.0000719  0.0000706  0.0000685  0.0000656  0.0000620  0.0000578  0.0000530  0.0000477  0.0000421  0.0000362  0.0000302  0.0000242  0.0000185  0.0000131  0.0000084  0.0000044  0.0000015
  0.0000168  0.0000331  0.0000489  0.0000639  0.0000780  0.0000910  0.0001028  0.0001133  0.0001223  0.0001297  0.0001355  0.0001397  0.0001422  0.0001429  0.0001420  0.0001394  0.0001352  0.0001295  0.0001224  0.0001140  0.0001045  0.0000940  0.0000828  0.0000712  0.0000593  0.0000476  0.0000362  0.0000257  0.0000163  0.0000086  0.0000030
  0.0000248  0.0000489  0.0000722  0.0000944  0.0001152  0.0001344  0.0001517  0.0001671  0.0001804  0.0001914  0.0002000  0.0002061  0.0002097  0.0002108  0.0002094  0.0002055  0.0001993  0.0001908  0.0001803  0.0001679  0.0001538  0.0001383  0.0001218  0.0001046  0.0000871  0.0000697  0.0000530  0.0000375  0.0000238  0.0000124  0.0000042
  0.0000324  0.0000639  0.0000944  0.0001233  0.0001505  0.0001756  0.0001983  0.0002184  0.0002357  0.0002500  0.0002612  0.0002692  0.0002739  0.0002752  0.0002733  0.0002683  0.0002601  0.0002489  0.0002351  0.0002188  0.0002004  0.0001802  0.0001585  0.0001360  0.0001132  0.0000905  0.0000687  0.0000485  0.0000306  0.0000159  0.0000054
  0.0000395  0.0000780  0.0001152  0.0001505  0.0001836  0.0002142  0.0002419  0.0002664  0.0002875  0.0003049  0.0003185  0.0003282  0.0003339  0.0003355  0.0003331  0.0003268  0.0003168  0.0003031  0.0002862  0.0002663  0.0002437  0.0002190  0.0001925  0.0001651  0.0001372  0.0001096  0.0000830  0.0000584  0.0000366  0.0000189  0.0000063
  0.0000461  0.0000910  0.0001344  0.0001756  0.0002142  0.0002498  0.0002821  0.0003107  0.0003352  0.0003555  0.0003713  0.0003825  0.0003891  0.0003909  0.0003881  0.0003807  0.0003688  0.0003528  0.0003330  0.0003097  0.0002833  0.0002544  0.0002235  0.0001914  0.0001589  0.0001267  0.0000958  0.0000671  0.0000419  0.0000215  0.0000069
  0.0000521  0.0001028  0.0001517  0.0001983  0.0002419  0.0002821  0.0003185  0.0003508  0.0003784  0.0004013  0.0004191  0.0004316  0.0004389  0.0004409  0.0004376  0.0004291  0.0004157  0.0003975  0.0003750  0.0003485  0.0003186  0.0002860  0.0002511  0.0002147  0.0001780  0.0001417  0.0001068  0.0000747  0.0000464  0.0000235  0.0000075
  0.0000573  0.0001133  0.0001672  0.0002184  0.0002664  0.0003107  0.0003508  0.0003862  0.0004166  0.0004417  0.0004612  0.0004749  0.0004829  0.0004849  0.0004811  0.0004717  0.0004568  0.0004366  0.0004117  0.0003825  0.0003494  0.0003133  0.0002748  0.0002348  0.0001943  0.0001543  0.0001160  0.0000808  0.0000498  0.0000249  0.0000076
  0.0000619  0.0001223  0.0001804  0.0002357  0.0002875  0.0003352  0.0003784  0.0004166  0.0004493  0.0004763  0.0004973  0.0005120  0.0005204  0.0005225  0.0005183  0.0005079  0.0004916  0.0004697  0.0004427  0.0004109  0.0003752  0.0003361  0.0002945  0.0002513  0.0002076  0.0001645  0.0001233  0.0000854  0.0000522  0.0000257  0.0000076
  0.0000657  0.0001297  0.0001914  0.0002500  0.0003049  0.0003555  0.0004013  0.0004417  0.0004763  0.0005048  0.0005269  0.0005424  0.0005512  0.0005533  0.0005486  0.0005374  0.0005200  0.0004966  0.0004677  0.0004339  0.0003958  0.0003543  0.0003100  0.0002641  0.0002178  0.0001721  0.0001286  0.0000886  0.0000538  0.0000262  0.0000074
  0.0000686  0.0001356  0.0002000  0.0002612  0.0003185  0.0003713  0.0004191  0.0004612  0.0004973  0.0005269  0.0005499  0.0005659  0.0005749  0.0005769  0.0005718  0.0005599  0.0005415  0.0005168  0.0004865  0.0004510  0.0004110  0.0003674  0.0003211  0.0002732  0.0002247  0.0001771  0.0001317  0.0000902  0.0000541  0.0000257  0.0000068
  0.0000708  0.0001397  0.0002061  0.0002692  0.0003282  0.0003826  0.0004317  0.0004749  0.0005120  0.0005424  0.0005659  0.0005822  0.0005913  0.0005931  0.0005876  0.0005752  0.0005559  0.0005303  0.0004988  0.0004619  0.0004206  0.0003755  0.0003277  0.0002781  0.0002282  0.0001792  0.0001327  0.0000901  0.0000534  0.0000247  0.0000061
  0.0000720  0.0001422  0.0002097  0.0002739  0.0003339  0.0003891  0.0004390  0.0004829  0.0005204  0.0005512  0.0005749  0.0005913  0.0006003  0.0006019  0.0005960  0.0005831  0.0005632  0.0005369  0.0005046  0.0004669  0.0004246  0.0003786  0.0003298  0.0002794  0.0002285  0.0001788  0.0001316  0.0000888  0.0000518  0.0000232  0.0000051
  0.0000724  0.0001429  0.0002108  0.0002752  0.0003355  0.0003909  0.0004409  0.0004849  0.0005225  0.0005533  0.0005769  0.0005931  0.0006019  0.0006032  0.0005970  0.0005837  0.0005635  0.0005367  0.0005040  0.0004658  0.0004231  0.0003766  0.0003273  0.0002766  0.0002255  0.0001757  0.0001284  0.0000857  0.0000492  0.0000212  0.0000039
  0.0000719  0.0001420  0.0002094  0.0002734  0.0003331  0.0003881  0.0004376  0.0004812  0.0005183  0.0005486  0.0005718  0.0005877  0.0005961  0.0005971  0.0005906  0.0005770  0.0005566  0.0005297  0.0004968  0.0004587  0.0004159  0.0003696  0.0003205  0.0002700  0.0002193  0.0001699  0.0001233  0.0000812  0.0000454  0.0000186  0.0000024
  0.0000706  0.0001394  0.0002055  0.0002683  0.0003268  0.0003807  0.0004291  0.0004717  0.0005079  0.0005375  0.0005599  0.0005752  0.0005831  0.0005838  0.0005771  0.0005634  0.0005429  0.0005161  0.0004835  0.0004457  0.0004035  0.0003578  0.0003094  0.0002598  0.0002100  0.0001616  0.0001162  0.0000754  0.0000409  0.0000155  0.0000008
  0.0000685  0.0001352  0.0001993  0.0002601  0.0003168  0.0003688  0.0004157  0.0004568  0.0004916  0.0005200  0.0005415  0.0005559  0.0005633  0.0005635  0.0005566  0.0005429  0.0005227  0.0004963  0.0004643  0.0004273  0.0003861  0.0003414  0.0002943  0.0002461  0.0001979  0.0001512  0.0001074  0.0000683  0.0000357  0.0000119  0.0000009
  0.0000656  0.0001295  0.0001908  0.0002489  0.0003031  0.0003528  0.0003975  0.0004366  0.0004697  0.0004966  0.0005168  0.0005303  0.0005369  0.0005367  0.0005296  0.0005161  0.0004963  0.0004705  0.0004395  0.0004036  0.0003638  0.0003209  0.0002755  0.0002294  0.0001832  0.0001386  0.0000970  0.0000602  0.0000299  0.0000082  0.0000027
  0.0000620  0.0001224  0.0001803  0.0002351  0.0002862  0.0003330  0.0003750  0.0004117  0.0004427  0.0004677  0.0004865  0.0004988  0.0005046  0.0005039  0.0004968  0.0004835  0.0004643  0.0004395  0.0004097  0.0003753  0.0003373  0.0002965  0.0002535  0.0002097  0.0001661  0.0001242  0.0000853  0.0000511  0.0000234  0.0000041  0.0000046
  0.0000578  0.0001140  0.0001678  0.0002188  0.0002662  0.0003096  0.0003485  0.0003824  0.0004109  0.0004339  0.0004510  0.0004619  0.0004669  0.0004658  0.0004587  0.0004457  0.0004272  0.0004036  0.0003753  0.0003430  0.0003072  0.0002688  0.0002286  0.0001877  0.0001472  0.0001084  0.0000727  0.0000414  0.0000165  0.0000001  0.0000064
  0.0000530  0.0001045  0.0001538  0.0002004  0.0002437  0.0002833  0.0003186  0.0003494  0.0003752  0.0003958  0.0004110  0.0004206  0.0004246  0.0004231  0.0004159  0.0004035  0.0003860  0.0003638  0.0003373  0.0003072  0.0002740  0.0002384  0.0002013  0.0001637  0.0001266  0.0000913  0.0000589  0.0000311  0.0000094  0.0000044  0.0000083
  0.0000477  0.0000940  0.0001383  0.0001801  0.0002190  0.0002544  0.0002859  0.0003133  0.0003361  0.0003543  0.0003675  0.0003756  0.0003786  0.0003766  0.0003696  0.0003578  0.0003414  0.0003209  0.0002965  0.0002688  0.0002384  0.0002061  0.0001724  0.0001385  0.0001051  0.0000736  0.0000450  0.0000207  0.0000023  0.0000085  0.0000100
  0.0000421  0.0000828  0.0001218  0.0001585  0.0001925  0.0002235  0.0002510  0.0002747  0.0002944  0.0003100  0.0003211  0.0003277  0.0003298  0.0003273  0.0003205  0.0003094  0.0002943  0.0002755  0.0002534  0.0002285  0.0002013  0.0001724  0.0001425  0.0001124  0.0000832  0.0000557  0.0000310  0.0000105  0.0000044  0.0000123  0.0000114
  0.0000362  0.0000712  0.0001046  0.0001360  0.0001651  0.0001914  0.0002148  0.0002348  0.0002513  0.0002641  0.0002732  0.0002781  0.0002794  0.0002766  0.0002700  0.0002598  0.0002461  0.0002293  0.0002097  0.0001876  0.0001637  0.0001385  0.0001124  0.0000865  0.0000615  0.0000381  0.0000175  0.0000008  0.0000107  0.0000158  0.0000128
  0.0000302  0.0000593  0.0000871  0.0001132  0.0001372  0.0001589  0.0001780  0.0001942  0.0002075  0.0002178  0.0002246  0.0002282  0.0002286  0.0002256  0.0002193  0.0002100  0.0001979  0.0001832  0.0001661  0.0001471  0.0001267  0.0001051  0.0000832  0.0000615  0.0000405  0.0000214  0.0000049  0.0000080  0.0000163  0.0000186  0.0000138
  0.0000242  0.0000476  0.0000697  0.0000905  0.0001096  0.0001267  0.0001417  0.0001543  0.0001644  0.0001721  0.0001770  0.0001792  0.0001788  0.0001757  0.0001699  0.0001616  0.0001512  0.0001385  0.0001242  0.0001083  0.0000913  0.0000736  0.0000556  0.0000380  0.0000214  0.0000064  0.0000062  0.0000156  0.0000207  0.0000206  0.0000142
  0.0000185  0.0000362  0.0000530  0.0000687  0.0000830  0.0000958  0.0001068  0.0001160  0.0001232  0.0001285  0.0001317  0.0001327  0.0001316  0.0001284  0.0001233  0.0001162  0.0001073  0.0000969  0.0000852  0.0000725  0.0000589  0.0000450  0.0000311  0.0000175  0.0000049  0.0000062  0.0000151  0.0000212  0.0000236  0.0000216  0.0000141
  0.0000131  0.0000257  0.0000375  0.0000485  0.0000584  0.0000672  0.0000747  0.0000807  0.0000853  0.0000885  0.0000901  0.0000901  0.0000887  0.0000857  0.0000812  0.0000754  0.0000683  0.0000601  0.0000510  0.0000414  0.0000312  0.0000208  0.0000106  0.0000008  0.0000080  0.0000156  0.0000212  0.0000245  0.0000246  0.0000212  0.0000133
  0.0000084  0.0000163  0.0000238  0.0000306  0.0000367  0.0000419  0.0000463  0.0000497  0.0000522  0.0000537  0.0000541  0.0000534  0.0000519  0.0000492  0.0000454  0.0000409  0.0000358  0.0000297  0.0000233  0.0000165  0.0000094  0.0000023  0.0000044  0.0000107  0.0000163  0.0000207  0.0000236  0.0000247  0.0000232  0.0000191  0.0000116
  0.0000044  0.0000086  0.0000124  0.0000159  0.0000189  0.0000215  0.0000234  0.0000249  0.0000257  0.0000260  0.0000257  0.0000247  0.0000232  0.0000212  0.0000185  0.0000156  0.0000120  0.0000082  0.0000040  0.0000002  0.0000044  0.0000085  0.0000123  0.0000157  0.0000186  0.0000206  0.0000216  0.0000212  0.0000191  0.0000152  0.0000090
  0.0000015  0.0000030  0.0000042  0.0000054  0.0000063  0.0000069  0.0000075  0.0000076  0.0000076  0.0000074  0.0000068  0.0000060  0.0000051  0.0000039  0.0000025  0.0000010  0.0000008  0.0000027  0.0000046  0.0000064  0.0000083  0.0000100  0.0000114  0.0000128  0.0000138  0.0000142  0.0000141  0.0000133  0.0000116  0.0000090  0.0000052
