  0.0000542  0.0001068  0.0001567  0.0002030  0.0002447  0.0002808  0.0003104  0.0003327  0.0003463  0.0003501  0.0003421  0.0003199  0.0002801  0.0002181  0.0001276
  0.0001071  0.0002110  0.0003097  0.0004011  0.0004833  0.0005546  0.0006130  0.0006567  0.0006835  0.0006906  0.0006745  0.0006304  0.0005518  0.0004295  0.0002511
  0.0001576  0.0003105  0.0004557  0.0005900  0.0007108  0.0008152  0.0009007  0.0009644  0.0010031  0.0010128  0.0009885  0.0009231  0.0008072  0.0006278  0.0003668
  0.0002046  0.0004032  0.0005915  0.0007657  0.0009220  0.0010569  0.0011669  0.0012484  0.0012973  0.0013085  0.0012756  0.0011898  0.0010391  0.0008071  0.0004709
  0.0002471  0.0004869  0.0007142  0.0009241  0.0011122  0.0012739  0.0014053  0.0015018  0.0015586  0.0015699  0.0015281  0.0014231  0.0012408  0.0009621  0.0005605
  0.0002842  0.0005598  0.0008208  0.0010615  0.0012766  0.0014609  0.0016097  0.0017179  0.0017802  0.0017899  0.0017390  0.0016161  0.0014061  0.0010880  0.0006324
  0.0003147  0.0006198  0.0009084  0.0011741  0.0014108  0.0016127  0.0017745  0.0018908  0.0019556  0.0019622  0.0019020  0.0017632  0.0015302  0.0011808  0.0006844
  0.0003376  0.0006648  0.0009741  0.0012580  0.0015101  0.0017240  0.0018939  0.0020141  0.0020786  0.0020805  0.0020111  0.0018589  0.0016081  0.0012369  0.0007147
  0.0003517  0.0006926  0.0010142  0.0013089  0.0015693  0.0017889  0.0019616  0.0020816  0.0021428  0.0021387  0.0020609  0.0018984  0.0016363  0.0012538  0.0007218
  0.0003557  0.0007002  0.0010248  0.0013213  0.0015823  0.0018007  0.0019706  0.0020860  0.0021414  0.0021304  0.0020456  0.0018770  0.0016111  0.0012292  0.0007044
  0.0003476  0.0006841  0.0010006  0.0012888  0.0015412  0.0017509  0.0019118  0.0020185  0.0020656  0.0020477  0.0019584  0.0017892  0.0015285  0.0011603  0.0006615
  0.0003249  0.0006393  0.0009345  0.0012023  0.0014357  0.0016279  0.0017735  0.0018671  0.0019043  0.0018805  0.0017907  0.0016280  0.0013836  0.0010445  0.0005920
  0.0002844  0.0005593  0.0008170  0.0010501  0.0012520  0.0014167  0.0015397  0.0016161  0.0016425  0.0016153  0.0015310  0.0013846  0.0011699  0.0008776  0.0004943
  0.0002212  0.0004351  0.0006350  0.0008153  0.0009706  0.0010962  0.0011883  0.0012435  0.0012590  0.0012330  0.0011628  0.0010458  0.0008782  0.0006543  0.0003658
  0.0001293  0.0002541  0.0003707  0.0004754  0.0005653  0.0006370  0.0006889  0.0007185  0.0007249  0.0007067  0.0006632  0.0005931  0.0004948  0.0003660  0.0002031
