  0.0000000  0.0000000  0.0000000  0.0000000  0.0000000  0.0000000  0.0000000  0.0000000  0.0000000  0.0000000  0.0000000  0.0000000  0.0000000  0.0000000  0.0000000  0.0000000  0.0000000
  0.0000000  0.0066223  0.0132470  0.0198860  0.0265708  0.0333628  0.0403631  0.0477229  0.0556540  0.0644395  0.0744467  0.0861397  0.1000946  0.1170179  0.1377672  0.1633770  0.1950903
  0.0000000  0.0132467  0.0264883  0.0397385  0.0530505  0.0665370  0.0803902  0.0949019  0.1104844  0.1276926  0.1472476  0.1700625  0.1972726  0.2302696  0.2707434  0.3207320  0.3826835
  0.0000000  0.0198851  0.0397376  0.0595533  0.0793872  0.0993834  0.1198048  0.1410632  0.1637498  0.1886679  0.2168666  0.2496791  0.2887652  0.3361616  0.3943410  0.4662845  0.5555702
  0.0000000  0.0265691  0.0530484  0.0793858  0.1056084  0.1318620  0.1584504  0.1858747  0.2148734  0.2464640  0.2819865  0.3231519  0.3720957  0.4314410  0.5043727  0.5947277  0.7071068
  0.0000000  0.0333603  0.0665334  0.0993800  0.1318599  0.1640812  0.1963492  0.2292145  0.2635220  0.3004599  0.3416121  0.3890141  0.4452156  0.5133530  0.5972344  0.7014440  0.8314697
  0.0000000  0.0403597  0.0803850  0.1197993  0.1584458  0.1963465  0.2337599  0.2712381  0.3096827  0.3504016  0.3951673  0.4462784  0.5066278  0.5797812  0.6700681  0.7826944  0.9238795
  0.0000000  0.0477187  0.0948951  0.1410555  0.1858675  0.2292090  0.2712351  0.3124430  0.3537355  0.3964825  0.4425840  0.4945350  0.5554953  0.6293694  0.7208991  0.8357769  0.9807853
  0.0000000  0.0556490  0.1104762  0.1637402  0.2148638  0.2635137  0.3096766  0.3537323  0.3965227  0.4394181  0.4843823  0.5340375  0.5917327  0.6616205  0.7487442  0.8591461  1.0000000
  0.0000000  0.0644341  0.1276835  0.1886568  0.2464524  0.3004492  0.3503929  0.3964764  0.4394151  0.4805157  0.5217414  0.5657747  0.6160797  0.6769702  0.7536871  0.8524921  0.9807853
  0.0000000  0.0744411  0.1472380  0.2168546  0.2819737  0.3415997  0.3951565  0.4425756  0.4843768  0.5217388  0.5565632  0.5915306  0.6301547  0.6768355  0.7369203  0.8167753  0.9238795
  0.0000000  0.0861341  0.1700530  0.2496670  0.3231387  0.3890010  0.4462665  0.4945251  0.5340301  0.5657700  0.5915285  0.6139327  0.6364930  0.6636386  0.7007529  0.7542171  0.8314695
  0.0000000  0.1000896  0.1972637  0.2887538  0.3720832  0.4452030  0.5066160  0.5554850  0.5917246  0.6160738  0.6301511  0.6364915  0.6385690  0.6408076  0.6485866  0.6682473  0.7071068
  0.0000000  0.1170137  0.2302621  0.3361518  0.4314301  0.5133418  0.5797706  0.6293598  0.6616126  0.6769641  0.6768313  0.6636361  0.6408066  0.6127585  0.5848641  0.5634122  0.5555702
  0.0000000  0.1377641  0.2707378  0.3943337  0.5043644  0.5972259  0.6700599  0.7208915  0.7487377  0.7536820  0.7369164  0.7007503  0.6485853  0.5848636  0.5149919  0.4452487  0.3826833
  0.0000000  0.1633753  0.3207290  0.4662806  0.5947232  0.7014392  0.7826898  0.8357725  0.8591423  0.8524889  0.8167729  0.7542155  0.6682463  0.5634118  0.4452485  0.3201295  0.1950903
  0.0000000  0.1950903  0.3826835  0.5555702  0.7071068  0.8314697  0.9238795  0.9807853  1.0000000  0.9807853  0.9238795  0.8314695  0.7071068  0.5555702  0.3826833  0.1950903  0.0000000
