  0.0000000  0.0000000  0.0000000  0.0000000  0.0000000  0.0000000  0.0000000  0.0000000  0.0000000  0.0000000  0.0000000  0.0000000  0.0000000  0.0000000  0.0000000  0.0000000  0.0000000  0.0000000  0.0000000  0.0000000  0.0000000  0.0000000  0.0000000  0.0000000  0.0000000  0.0000000  0.0000000  0.0000000  0.0000000  0.0000000  0.0000000  0.0000000  0.0000000
  0.0000000  0.0016587  0.0033176  0.0049770  0.0066374  0.0082998  0.0099658  0.0116380  0.0133195  0.0150149  0.0167297  0.0184710  0.0202474  0.0220692  0.0239487  0.0259000  0.0279398  0.0300868  0.0323627  0.0347916  0.0374010  0.0402214  0.0432869  0.0466353  0.0503084  0.0543524  0.0588182  0.0637619  0.0692447  0.0753343  0.0821043  0.0896357  0.0980171
  0.0000000  0.0033175  0.0066353  0.0099537  0.0132737  0.0165971  0.0199270  0.0232681  0.0266270  0.0300121  0.0334348  0.0369089  0.0404515  0.0440831  0.0478278  0.0517141  0.0557748  0.0600474  0.0645748  0.0694054  0.0745936  0.0802004  0.0862936  0.0929484  0.1002484  0.1082856  0.1171613  0.1269871  0.1378855  0.1499907  0.1634499  0.1784243  0.1950903
  0.0000000  0.0049768  0.0099535  0.0149304  0.0199085  0.0248901  0.0298796  0.0348835  0.0399112  0.0449754  0.0500923  0.0552824  0.0605709  0.0659881  0.0715699  0.0773585  0.0834025  0.0897580  0.0964886  0.1036664  0.1113726  0.1196979  0.1287434  0.1386214  0.1494562  0.1613852  0.1745593  0.1891449  0.2053246  0.2232984  0.2432858  0.2655269  0.2902847
  0.0000000  0.0066369  0.0132731  0.0199080  0.0265423  0.0331784  0.0398214  0.0464792  0.0531637  0.0598910  0.0666819  0.0735632  0.0805676  0.0877348  0.0951118  0.1027540  0.1107256  0.1191003  0.1279621  0.1374062  0.1475397  0.1584824  0.1703680  0.1833448  0.1975773  0.2132468  0.2305532  0.2497162  0.2709770  0.2946003  0.3208759  0.3501212  0.3826835
  0.0000000  0.0082991  0.0165961  0.0248891  0.0331778  0.0414641  0.0497531  0.0580538  0.0663795  0.0747493  0.0831883  0.0917284  0.1004094  0.1092797  0.1183970  0.1278290  0.1376546  0.1479646  0.1588626  0.1704659  0.1829069  0.1963334  0.2109107  0.2268221  0.2442709  0.2634812  0.2847002  0.3081993  0.3342771  0.3632602  0.3955069  0.4314095  0.4713967
  0.0000000  0.0099648  0.0199254  0.0298778  0.0398198  0.0497522  0.0596792  0.0696099  0.0795587  0.0895466  0.0996021  0.1097617  0.1200716  0.1305878  0.1413777  0.1525209  0.1641100  0.1762520  0.1890689  0.2026995  0.2172998  0.2330452  0.2501307  0.2687737  0.2892146  0.3117187  0.3365787  0.3641161  0.3946839  0.4286691  0.4664954  0.5086266  0.5555702
  0.0000000  0.0116366  0.0232659  0.0348808  0.0464766  0.0580516  0.0696086  0.0811557  0.0927074  0.1042858  0.1159218  0.1276556  0.1395386  0.1516339  0.1640174  0.1767795  0.1900255  0.2038774  0.2184749  0.2339766  0.2505614  0.2684302  0.2878070  0.3089412  0.3321086  0.3576142  0.3857939  0.4170167  0.4516879  0.4902516  0.5331941  0.5810474  0.6343933
  0.0000000  0.0133177  0.0266239  0.0399075  0.0531598  0.0663759  0.0795559  0.0927058  0.1058392  0.1189783  0.1321551  0.1454127  0.1588063  0.1724051  0.1862925  0.2005684  0.2153497  0.2307722  0.2469919  0.2641858  0.2825544  0.3023225  0.3237416  0.3470909  0.3726803  0.4008517  0.4319819  0.4664852  0.5048160  0.5474724  0.5949996  0.6479937  0.7071068
  0.0000000  0.0150126  0.0300083  0.0449705  0.0598857  0.0747441  0.0895420  0.1042823  0.1189764  0.1336451  0.1483205  0.1630472  0.1778834  0.1929026  0.2081947  0.2238677  0.2400490  0.2568867  0.2745513  0.2932374  0.3131649  0.3345813  0.3577631  0.3830181  0.4106874  0.4411479  0.4748147  0.5121442  0.5536369  0.5998414  0.6513575  0.7088416  0.7730104
  0.0000000  0.0167270  0.0334301  0.0500862  0.0666751  0.0831813  0.0995955  0.1159162  0.1321510  0.1483183  0.1644489  0.1805873  0.1967934  0.2131437  0.2297331  0.2466764  0.2641098  0.2821924  0.3011079  0.3210662  0.3423055  0.3650936  0.3897306  0.4165501  0.4459226  0.4782572  0.5140045  0.5536597  0.5977663  0.6469193  0.7017691  0.7630270  0.8314697
  0.0000000  0.0184678  0.0369034  0.0552751  0.0735548  0.0917196  0.1097531  0.1276478  0.1454061  0.1630425  0.1805848  0.1980761  0.2155762  0.2331634  0.2509360  0.2690141  0.2875409  0.3066851  0.3266416  0.3476344  0.3699175  0.3937777  0.4195359  0.4475499  0.4782166  0.5119747  0.5493073  0.5907454  0.6368714  0.6883224  0.7457955  0.8100515  0.8819213
  0.0000000  0.0202438  0.0404451  0.0605623  0.0805576  0.1003987  0.1200608  0.1395284  0.1587973  0.1778761  0.1967881  0.2155734  0.2342902  0.2530168  0.2718532  0.2909232  0.3103756  0.3303864  0.3511605  0.3729337  0.3959744  0.4205856  0.4471074  0.4759191  0.5074415  0.5421399  0.5805271  0.6231661  0.6706744  0.7237275  0.7830634  0.8494878  0.9238795
  0.0000000  0.0220652  0.0440758  0.0659783  0.0877232  0.1092671  0.1305748  0.1516212  0.1723934  0.1928924  0.2131355  0.2331576  0.2530138  0.2727805  0.2925578  0.3124713  0.3326737  0.3533467  0.3747031  0.3969886  0.4204837  0.4455060  0.4724123  0.5016007  0.5335136  0.5686400  0.6075187  0.6507415  0.6989570  0.7528745  0.8132684  0.8809835  0.9569404
  0.0000000  0.0239442  0.0478197  0.0715589  0.0950987  0.1183825  0.1413626  0.1640024  0.1862782  0.2081818  0.2297220  0.2509272  0.2718471  0.2925547  0.3131482  0.3337531  0.3545242  0.3756470  0.3973402  0.4198577  0.4434900  0.4685668  0.4954593  0.5245823  0.5563966  0.5914122  0.6301907  0.6733492  0.7215631  0.7755710  0.8361790  0.9042649  0.9807853
  0.0000000  0.0258952  0.0517052  0.0773463  0.1027394  0.1278127  0.1525037  0.1767621  0.2005515  0.2238521  0.2466624  0.2690022  0.2909139  0.3124650  0.3337499  0.3548923  0.3760468  0.3974012  0.4191780  0.4416369  0.4650766  0.4898370  0.5163011  0.5448977  0.5761037  0.6104468  0.6485085  0.6909271  0.7384012  0.7916945  0.8516387  0.9191403  0.9951847
  0.0000000  0.0279346  0.0557652  0.0833894  0.1107097  0.1376367  0.1640909  0.1900060  0.2153305  0.2400307  0.2640930  0.2875261  0.3103632  0.3326641  0.3545177  0.3760436  0.3973945  0.4187582  0.4403591  0.4624611  0.4853686  0.5094293  0.5350362  0.5626296  0.5926996  0.6257890  0.6624956  0.7034756  0.7494471  0.8011938  0.8595693  0.9255018  1.0000000
  0.0000000  0.0300813  0.0600372  0.0897439  0.1190832  0.1479453  0.1762312  0.2038560  0.2307508  0.2568659  0.2821730  0.3066675  0.3303711  0.3533341  0.3756373  0.3973947  0.4187549  0.4399036  0.4610654  0.4825059  0.5045336  0.5275021  0.5518115  0.5779113  0.6063027  0.6375404  0.6722357  0.7110594  0.7547449  0.8040918  0.8599706  0.9233264  0.9951847
  0.0000000  0.0323570  0.0645642  0.0964738  0.1279441  0.1588420  0.1890467  0.2184517  0.2469685  0.2745284  0.3010861  0.3266215  0.3511426  0.3746876  0.3973277  0.4191685  0.4403527  0.4610622  0.4815196  0.5019904  0.5227851  0.5442607  0.5668229  0.5909284  0.6170864  0.6458611  0.6778744  0.7138083  0.7544082  0.8004857  0.8529232  0.9126776  0.9807853
  0.0000000  0.0347858  0.0693944  0.1036512  0.1373874  0.1704444  0.2026761  0.2339520  0.2641608  0.2932127  0.3210424  0.3476121  0.3729134  0.3969706  0.4198424  0.4416246  0.4624518  0.4824998  0.5019874  0.5211784  0.5403829  0.5599599  0.5803186  0.6019202  0.6252803  0.6509700  0.6796192  0.7119182  0.7486207  0.7905470  0.8385867  0.8937039  0.9569403
  0.0000000  0.0373951  0.0745825  0.1113570  0.1475204  0.1828847  0.2172756  0.2505358  0.2825282  0.3131388  0.3422801  0.3698934  0.3959521  0.4204636  0.4434723  0.4650618  0.4853567  0.5045248  0.5227793  0.5403800  0.5576356  0.5749048  0.5925985  0.6111809  0.6311713  0.6531463  0.6777409  0.7056513  0.7376364  0.7745215  0.8172003  0.8666388  0.9238795
  0.0000000  0.0402155  0.0801892  0.1196822  0.1584629  0.1963109  0.2330205  0.2684039  0.3022955  0.3345542  0.3650671  0.3937522  0.4205617  0.4454842  0.4685473  0.4898201  0.5094152  0.5274909  0.5442525  0.5599545  0.5749023  0.5894529  0.6040171  0.6190605  0.6351049  0.6527296  0.6725735  0.6953357  0.7217785  0.7527288  0.7890807  0.8317989  0.8819212
  0.0000000  0.0432811  0.0862825  0.1287279  0.1703486  0.2108883  0.2501060  0.2877807  0.3237143  0.3577356  0.3897033  0.4195096  0.4470825  0.4723892  0.4954384  0.5162826  0.5350204  0.5517983  0.5668127  0.5803111  0.5925937  0.6040148  0.6149839  0.6259661  0.6374847  0.6501204  0.6645136  0.6813655  0.7014388  0.7255599  0.7546207  0.7895807  0.8314695
  0.0000000  0.0466296  0.0929377  0.1386063  0.1833260  0.2268002  0.2687494  0.3089152  0.3470639  0.3829907  0.4165229  0.4475234  0.4758937  0.5015770  0.5245605  0.5448781  0.5626125  0.5778968  0.5909165  0.6019110  0.6111742  0.6190563  0.6259642  0.6323623  0.6387735  0.6457793  0.6540207  0.6641989  0.6770760  0.6934761  0.7142861  0.7404582  0.7730105
  0.0000000  0.0503030  0.1002382  0.1494418  0.1975592  0.2442498  0.2891912  0.3320835  0.3726541  0.4106607  0.4458959  0.4781905  0.5074162  0.5334898  0.5563745  0.5760837  0.5926818  0.6062872  0.6170734  0.6252697  0.6311633  0.6350992  0.6374810  0.6387719  0.6394936  0.6402279  0.6416156  0.6443576  0.6492141  0.6570056  0.6686131  0.6849786  0.7071068
  0.0000000  0.0543474  0.1082760  0.1613716  0.2132299  0.2634614  0.3116966  0.3575906  0.4008268  0.4411224  0.4782317  0.5119495  0.5421156  0.5686168  0.5913905  0.6104270  0.6257710  0.6375247  0.6458474  0.6509587  0.6531373  0.6527228  0.6501155  0.6457763  0.6402266  0.6340476  0.6278805  0.6224251  0.6184400  0.6167414  0.6182035  0.6237577  0.6343933
  0.0000000  0.0588137  0.1171526  0.1745470  0.2305377  0.2846820  0.3365585  0.3857721  0.4319590  0.4747912  0.5139807  0.5492838  0.5805042  0.6074968  0.6301702  0.6484894  0.6624782  0.6722202  0.6778608  0.6796077  0.6777315  0.6725660  0.6645081  0.6540169  0.6416134  0.6278794  0.6134565  0.5990446  0.5854005  0.5733371  0.5637218  0.5574750  0.5555702
  0.0000000  0.0637579  0.1269795  0.1891341  0.2497025  0.3081833  0.3640982  0.4169973  0.4664647  0.5121231  0.5536385  0.5907243  0.6231455  0.6507216  0.6733303  0.6909094  0.7034594  0.7110448  0.7137954  0.7119071  0.7056420  0.6953282  0.6813596  0.6641945  0.6443546  0.6224234  0.5990438  0.5749173  0.5508006  0.5275042  0.5058897  0.4868678  0.4713966
  0.0000000  0.0692414  0.1378791  0.2053154  0.2709655  0.3342635  0.3946688  0.4516715  0.5047986  0.5536190  0.5977482  0.6368532  0.6706566  0.6989399  0.7215468  0.7383859  0.7494329  0.7547319  0.7543967  0.7486107  0.7376279  0.7217714  0.7014331  0.6770716  0.6492109  0.6184378  0.5853993  0.5508001  0.5153992  0.4800068  0.4454812  0.4127252  0.3826833
  0.0000000  0.0753316  0.1499857  0.2232912  0.2945913  0.3632496  0.4286571  0.4902386  0.5474586  0.5998271  0.6469047  0.6883080  0.7237132  0.7528607  0.7755579  0.7916820  0.8011822  0.8040813  0.8004761  0.7905385  0.7745143  0.7527227  0.7255549  0.6934721  0.6570026  0.6167393  0.5733358  0.5275034  0.4800065  0.4316584  0.3833174  0.3358814  0.2902847
  0.0000000  0.0821025  0.1634464  0.2432808  0.3208696  0.3954996  0.4664870  0.5331850  0.5949900  0.6513475  0.7017588  0.7457852  0.7830533  0.8132586  0.8361696  0.8516299  0.8595608  0.8599629  0.8529162  0.8385805  0.8171950  0.7890761  0.7546169  0.7142831  0.6686106  0.6182016  0.5637205  0.5058888  0.4454808  0.3833172  0.3202606  0.2572090  0.1950903
  0.0000000  0.0896348  0.1784225  0.2655243  0.3501179  0.4314057  0.5086222  0.5810426  0.6479887  0.7088364  0.7630216  0.8100461  0.8494825  0.8809783  0.9042599  0.9191356  0.9254973  0.9233223  0.9126738  0.8937005  0.8666359  0.8317963  0.7895786  0.7404565  0.6849772  0.6237566  0.5574742  0.4868672  0.4127249  0.3358813  0.2572090  0.1776117  0.0980171
  0.0000000  0.0980171  0.1950903  0.2902847  0.3826835  0.4713967  0.5555702  0.6343933  0.7071068  0.7730104  0.8314697  0.8819213  0.9238795  0.9569404  0.9807853  0.9951847  1.0000000  0.9951847  0.9807853  0.9569403  0.9238795  0.8819212  0.8314695  0.7730105  0.7071068  0.6343933  0.5555702  0.4713966  0.3826833  0.2902847  0.1950903  0.0980171  0.0000000
