  0.0000104  0.0000207  0.0000307  0.0000403  0.0000495  0.0000582  0.0000663  0.0000738  0.0000807  0.0000868  0.0000922  0.0000967  0.0001005  0.0001034  0.0001054  0.0001065  0.0001068  0.0001061  0.0001046  0.0001022  0.0000988  0.0000946  0.0000895  0.0000835  0.0000766  0.0000687  0.0000599  0.0000502  0.0000394  0.0000275  0.0000144
  0.0000208  0.0000411  0.0000610  0.0000801  0.0000984  0.0001157  0.0001319  0.0001468  0.0001604  0.0001726  0.0001833  0.0001923  0.0001998  0.0002055  0.0002096  0.0002118  0.0002123  0.0002111  0.0002080  0.0002032  0.0001966  0.0001882  0.0001780  0.0001661  0.0001523  0.0001367  0.0001193  0.0000998  0.0000783  0.0000547  0.0000286
  0.0000309  0.0000612  0.0000907  0.0001191  0.0001463  0.0001720  0.0001961  0.0002183  0.0002386  0.0002567  0.0002726  0.0002861  0.0002971  0.0003057  0.0003117  0.0003151  0.0003158  0.0003139  0.0003094  0.0003022  0.0002924  0.0002799  0.0002648  0.0002470  0.0002266  0.0002034  0.0001774  0.0001485  0.0001165  0.0000813  0.0000426
  0.0000407  0.0000807  0.0001195  0.0001570  0.0001929  0.0002268  0.0002585  0.0002878  0.0003145  0.0003384  0.0003594  0.0003772  0.0003918  0.0004031  0.0004110  0.0004154  0.0004165  0.0004139  0.0004079  0.0003985  0.0003855  0.0003691  0.0003491  0.0003257  0.0002987  0.0002682  0.0002339  0.0001959  0.0001537  0.0001072  0.0000561
  0.0000502  0.0000994  0.0001473  0.0001935  0.0002377  0.0002795  0.0003186  0.0003548  0.0003877  0.0004171  0.0004429  0.0004649  0.0004829  0.0004968  0.0005066  0.0005121  0.0005133  0.0005102  0.0005029  0.0004912  0.0004752  0.0004549  0.0004303  0.0004015  0.0003682  0.0003306  0.0002883  0.0002414  0.0001894  0.0001322  0.0000692
  0.0000592  0.0001173  0.0001738  0.0002283  0.0002805  0.0003298  0.0003759  0.0004186  0.0004574  0.0004922  0.0005226  0.0005485  0.0005698  0.0005862  0.0005977  0.0006042  0.0006057  0.0006021  0.0005934  0.0005796  0.0005607  0.0005368  0.0005078  0.0004737  0.0004345  0.0003901  0.0003402  0.0002848  0.0002234  0.0001559  0.0000816
  0.0000677  0.0001341  0.0001988  0.0002612  0.0003208  0.0003772  0.0004300  0.0004788  0.0005232  0.0005630  0.0005978  0.0006275  0.0006518  0.0006705  0.0006837  0.0006911  0.0006928  0.0006887  0.0006787  0.0006630  0.0006414  0.0006140  0.0005808  0.0005418  0.0004970  0.0004461  0.0003891  0.0003257  0.0002556  0.0001783  0.0000934
  0.0000756  0.0001498  0.0002221  0.0002917  0.0003584  0.0004214  0.0004804  0.0005349  0.0005845  0.0006289  0.0006679  0.0007010  0.0007281  0.0007491  0.0007638  0.0007721  0.0007740  0.0007694  0.0007583  0.0007406  0.0007165  0.0006859  0.0006488  0.0006052  0.0005550  0.0004983  0.0004346  0.0003638  0.0002853  0.0001991  0.0001042
  0.0000829  0.0001642  0.0002434  0.0003198  0.0003929  0.0004620  0.0005267  0.0005864  0.0006409  0.0006896  0.0007323  0.0007686  0.0007984  0.0008214  0.0008375  0.0008466  0.0008487  0.0008436  0.0008313  0.0008120  0.0007855  0.0007520  0.0007113  0.0006634  0.0006084  0.0005461  0.0004762  0.0003986  0.0003126  0.0002182  0.0001142
  0.0000895  0.0001773  0.0002628  0.0003453  0.0004241  0.0004987  0.0005685  0.0006331  0.0006918  0.0007444  0.0007905  0.0008297  0.0008619  0.0008868  0.0009041  0.0009139  0.0009162  0.0009106  0.0008974  0.0008765  0.0008479  0.0008117  0.0007677  0.0007161  0.0006567  0.0005894  0.0005140  0.0004302  0.0003374  0.0002354  0.0001232
  0.0000953  0.0001888  0.0002799  0.0003678  0.0004518  0.0005312  0.0006056  0.0006744  0.0007370  0.0007930  0.0008421  0.0008839  0.0009182  0.0009446  0.0009631  0.0009736  0.0009759  0.0009700  0.0009559  0.0009336  0.0009032  0.0008645  0.0008175  0.0007626  0.0006992  0.0006275  0.0005472  0.0004579  0.0003591  0.0002505  0.0001311
  0.0001003  0.0001988  0.0002947  0.0003872  0.0004756  0.0005593  0.0006377  0.0007101  0.0007760  0.0008350  0.0008867  0.0009307  0.0009668  0.0009946  0.0010141  0.0010251  0.0010275  0.0010213  0.0010064  0.0009828  0.0009507  0.0009100  0.0008605  0.0008024  0.0007358  0.0006602  0.0005756  0.0004816  0.0003777  0.0002634  0.0001378
  0.0001045  0.0002071  0.0003070  0.0004034  0.0004955  0.0005828  0.0006644  0.0007398  0.0008086  0.0008700  0.0009239  0.0009697  0.0010073  0.0010363  0.0010566  0.0010680  0.0010705  0.0010640  0.0010484  0.0010239  0.0009903  0.0009478  0.0008962  0.0008357  0.0007662  0.0006874  0.0005993  0.0005014  0.0003932  0.0002742  0.0001433
  0.0001078  0.0002137  0.0003167  0.0004162  0.0005113  0.0006013  0.0006856  0.0007634  0.0008344  0.0008979  0.0009534  0.0010007  0.0010395  0.0010694  0.0010903  0.0011021  0.0011046  0.0010979  0.0010817  0.0010563  0.0010216  0.0009776  0.0009243  0.0008619  0.0007901  0.0007088  0.0006177  0.0005168  0.0004052  0.0002823  0.0001476
  0.0001102  0.0002185  0.0003238  0.0004256  0.0005228  0.0006149  0.0007010  0.0007807  0.0008532  0.0009181  0.0009750  0.0010234  0.0010629  0.0010936  0.0011149  0.0011269  0.0011294  0.0011224  0.0011058  0.0010799  0.0010442  0.0009992  0.0009447  0.0008807  0.0008072  0.0007240  0.0006309  0.0005277  0.0004135  0.0002883  0.0001507
  0.0001117  0.0002214  0.0003282  0.0004314  0.0005300  0.0006233  0.0007107  0.0007914  0.0008650  0.0009308  0.0009884  0.0010374  0.0010776  0.0011086  0.0011302  0.0011423  0.0011448  0.0011376  0.0011207  0.0010942  0.0010581  0.0010124  0.0009569  0.0008921  0.0008175  0.0007331  0.0006387  0.0005341  0.0004184  0.0002916  0.0001524
  0.0001122  0.0002225  0.0003299  0.0004335  0.0005327  0.0006265  0.0007143  0.0007955  0.0008694  0.0009356  0.0009935  0.0010428  0.0010831  0.0011143  0.0011359  0.0011480  0.0011505  0.0011432  0.0011261  0.0010994  0.0010629  0.0010169  0.0009611  0.0008957  0.0008207  0.0007359  0.0006410  0.0005357  0.0004198  0.0002924  0.0001527
  0.0001118  0.0002217  0.0003287  0.0004320  0.0005308  0.0006243  0.0007119  0.0007928  0.0008665  0.0009324  0.0009901  0.0010392  0.0010794  0.0011104  0.0011320  0.0011440  0.0011463  0.0011389  0.0011219  0.0010951  0.0010586  0.0010127  0.0009569  0.0008917  0.0008168  0.0007322  0.0006377  0.0005328  0.0004174  0.0002906  0.0001517
  0.0001105  0.0002190  0.0003247  0.0004268  0.0005244  0.0006168  0.0007033  0.0007833  0.0008560  0.0009212  0.0009782  0.0010267  0.0010664  0.0010970  0.0011182  0.0011300  0.0011323  0.0011249  0.0011079  0.0010813  0.0010452  0.0009996  0.0009444  0.0008799  0.0008058  0.0007222  0.0006287  0.0005253  0.0004113  0.0002863  0.0001494
  0.0001081  0.0002143  0.0003178  0.0004178  0.0005133  0.0006038  0.0006886  0.0007668  0.0008381  0.0009019  0.0009578  0.0010051  0.0010440  0.0010739  0.0010946  0.0011061  0.0011082  0.0011008  0.0010841  0.0010580  0.0010226  0.0009778  0.0009236  0.0008603  0.0007876  0.0007057  0.0006142  0.0005130  0.0004016  0.0002794  0.0001459
  0.0001048  0.0002078  0.0003081  0.0004050  0.0004977  0.0005854  0.0006676  0.0007435  0.0008126  0.0008745  0.0009286  0.0009746  0.0010122  0.0010411  0.0010611  0.0010722  0.0010741  0.0010669  0.0010505  0.0010251  0.0009905  0.0009470  0.0008943  0.0008328  0.0007623  0.0006828  0.0005941  0.0004960  0.0003881  0.0002700  0.0001408
  0.0001005  0.0001992  0.0002955  0.0003884  0.0004774  0.0005615  0.0006404  0.0007132  0.0007795  0.0008389  0.0008908  0.0009348  0.0009709  0.0009986  0.0010177  0.0010282  0.0010300  0.0010229  0.0010071  0.0009825  0.0009493  0.0009072  0.0008566  0.0007975  0.0007297  0.0006534  0.0005683  0.0004743  0.0003710  0.0002579  0.0001344
  0.0000952  0.0001887  0.0002799  0.0003680  0.0004523  0.0005321  0.0006068  0.0006758  0.0007387  0.0007949  0.0008441  0.0008859  0.0009200  0.0009462  0.0009642  0.0009741  0.0009757  0.0009688  0.0009537  0.0009302  0.0008985  0.0008586  0.0008106  0.0007544  0.0006902  0.0006177  0.0005370  0.0004479  0.0003502  0.0002434  0.0001269
  0.0000889  0.0001763  0.0002615  0.0003438  0.0004225  0.0004971  0.0005669  0.0006314  0.0006902  0.0007428  0.0007887  0.0008277  0.0008596  0.0008839  0.0009007  0.0009099  0.0009112  0.0009047  0.0008905  0.0008683  0.0008385  0.0008011  0.0007560  0.0007033  0.0006433  0.0005755  0.0005001  0.0004170  0.0003259  0.0002263  0.0001178
  0.0000816  0.0001618  0.0002401  0.0003157  0.0003881  0.0004566  0.0005207  0.0005800  0.0006339  0.0006822  0.0007244  0.0007601  0.0007893  0.0008118  0.0008271  0.0008354  0.0008364  0.0008305  0.0008171  0.0007967  0.0007691  0.0007346  0.0006931  0.0006445  0.0005892  0.0005269  0.0004577  0.0003814  0.0002978  0.0002068  0.0001076
  0.0000733  0.0001454  0.0002157  0.0002837  0.0003487  0.0004103  0.0004679  0.0005212  0.0005697  0.0006131  0.0006510  0.0006831  0.0007093  0.0007294  0.0007431  0.0007504  0.0007514  0.0007458  0.0007337  0.0007151  0.0006903  0.0006590  0.0006215  0.0005778  0.0005279  0.0004719  0.0004097  0.0003412  0.0002664  0.0001848  0.0000961
  0.0000640  0.0001269  0.0001882  0.0002476  0.0003043  0.0003581  0.0004085  0.0004551  0.0004973  0.0005352  0.0005683  0.0005963  0.0006192  0.0006366  0.0006486  0.0006549  0.0006555  0.0006505  0.0006397  0.0006235  0.0006016  0.0005742  0.0005414  0.0005031  0.0004594  0.0004104  0.0003561  0.0002965  0.0002313  0.0001603  0.0000833
  0.0000535  0.0001062  0.0001576  0.0002074  0.0002550  0.0003000  0.0003422  0.0003812  0.0004166  0.0004483  0.0004761  0.0004994  0.0005185  0.0005331  0.0005430  0.0005482  0.0005487  0.0005443  0.0005352  0.0005215  0.0005031  0.0004800  0.0004523  0.0004202  0.0003836  0.0003424  0.0002970  0.0002469  0.0001926  0.0001333  0.0000692
  0.0000420  0.0000833  0.0001237  0.0001627  0.0002000  0.0002354  0.0002686  0.0002991  0.0003269  0.0003519  0.0003735  0.0003919  0.0004069  0.0004183  0.0004259  0.0004300  0.0004303  0.0004269  0.0004197  0.0004087  0.0003941  0.0003759  0.0003542  0.0003289  0.0003000  0.0002678  0.0002320  0.0001929  0.0001503  0.0001040  0.0000540
  0.0000293  0.0000581  0.0000863  0.0001135  0.0001396  0.0001643  0.0001874  0.0002087  0.0002282  0.0002457  0.0002608  0.0002735  0.0002839  0.0002918  0.0002971  0.0003000  0.0003001  0.0002976  0.0002924  0.0002847  0.0002745  0.0002617  0.0002465  0.0002288  0.0002086  0.0001860  0.0001611  0.0001338  0.0001042  0.0000720  0.0000373
  0.0000153  0.0000304  0.0000451  0.0000594  0.0000730  0.0000860  0.0000981  0.0001092  0.0001194  0.0001286  0.0001364  0.0001431  0.0001485  0.0001526  0.0001554  0.0001569  0.0001568  0.0001555  0.0001528  0.0001488  0.0001433  0.0001366  0.0001286  0.0001193  0.0001087  0.0000969  0.0000839  0.0000695  0.0000542  0.0000373  0.0000193
